-0.0, -0.0, 0.0, -0.0, 0
-0.0, -0.0, 0.0, -0.0, 0
-0.0, -0.0, 0.0, -0.0, 0
-0.0, -0.0, 0.0, -0.0, 0
-0.0, -0.0, 0.0, -0.0, 0
-0.0, -0.0, 0.0, -0.0, 0
-0.0, -0.0, 0.0, -0.0, 0
-0.0, -0.0, 0.0, -0.0, 0
-0.0, -0.0, 0.0, -0.0, 0
-0.0, -0.0, 0.0, -0.0, 0
-0.0, -0.0, 0.0, -0.0, 0
-0.0, -0.0, 0.0, -0.0, 0
-0.0, -0.0, 0.0, -0.0, 0
-0.0, -0.0, 0.0, -0.0, 0
-0.0, -0.0, 0.0, -0.0, 0
-0.0, -0.0, 0.0, -0.0, 0
-0.0, -0.0, 0.0, -0.0, 0
-0.0, -0.0, 0.0, -0.0, 0
-0.0, -0.0, 0.0, -0.0, 0
-0.0, -0.0, 0.0, -0.0, 0
-0.0, -0.0, 0.0, -0.0, 0
-0.0, -0.0, 0.0, -0.0, 0
-0.0, -0.0, 0.0, -0.0, 0
-0.0, -0.0, 0.0, -0.0, 0
-0.0, -0.0, 0.0, -0.0, 0
-0.0, -0.0, 0.0, -0.0, 0
-0.0, -0.0, 0.0, -0.0, 0
-0.0, -0.0, 0.0, -0.0, 0
-0.0, -0.0, 0.0, -0.0, 0
-0.0, -0.0, 0.0, -0.0, 0
-0.0, -0.0, 0.0, -0.0, 0
-0.0, -0.0, 0.0, -0.0, 0
-0.0, -0.0, 0.0, -0.0, 0
-0.0, -0.0, 0.0, -0.0, 0
-0.0, -0.0, 0.0, -0.0, 0
-0.0, -0.0, 0.0, -0.0, 0
-0.0, -0.0, 0.0, -0.0, 0
-0.0, -0.0, 0.0, -0.0, 0
-0.0, -0.0, 0.0, -0.0, 0
-0.0, -0.0, 0.0, -0.0, 0
-0.0, -0.0, 0.0, -0.0, 0
-0.0, -0.0, 0.0, -0.0, 0
-0.0, -0.0, 0.0, -0.0, 0
-0.0, -0.0, 0.0, -0.0, 0
-0.0, -0.0, 0.0, -0.0, 0
-0.0, -0.0, 0.0, -0.0, 0
-0.0, -0.0, 0.0, -0.0, 0
-0.0, -0.0, 0.0, -0.0, 0
-0.0, -0.0, 0.0, -0.0, 0
-0.0, -0.0, 0.0, -0.0, 0
-0.0, -0.0, 0.0, -0.0, 0
-0.0, -0.0, 0.0, -0.0, 0
-0.0, -0.0, 0.0, -0.0, 0
-0.0, -0.0, 0.0, -0.0, 0
-0.0, -0.0, 0.0, -0.0, 0
-0.0, -0.0, 0.0, -0.0, 0
-0.0, -0.0, 0.0, -0.0, 1
0.06, -0.69, 4.31, 46.87, 1
0.13, -0.72, 4.52, 67.22, 1
0.19, -0.39, 2.58, 65.93, 1
0.21, -0.09, 0.87, 58.83, 1
0.21, 0.05, 0.17, 54.89, 1
0.22, 0.1, 0.05, 54.18, 1
0.1, 1.55, -8.51, -38.64, 1
-0.05, 1.7, -9.35, -83.26, 1
-0.16, 1.07, -5.46, -81.62, 1
-0.21, 0.48, -1.92, -67.37, 1
-0.22, 0.15, -0.07, -56.16, 1
-0.22, 0.02, 0.44, -51.18, 1
-0.21, 0.0, 0.33, -50.44, 1
-0.09, -1.39, 8.59, 40.69, 1
0.06, -1.51, 9.25, 83.72, 1
0.17, -0.88, 5.32, 81.17, 1
0.21, -0.29, 1.83, 66.9, 1
0.22, 0.0, 0.19, 57.18, 1
0.11, 1.49, -8.6, -37.54, 1
-0.05, 1.65, -9.53, -83.53, 1
-0.16, 1.02, -5.61, -82.26, 1
-0.21, 0.42, -1.99, -67.81, 1
-0.22, 0.08, -0.09, -56.36, 1
-0.22, -0.02, 0.27, -52.74, 1
-0.22, -0.04, 0.11, -53.08, 0
-0.16, -0.77, 4.32, -6.8, 1
-0.02, -1.56, 9.01, 62.16, 1
0.11, -1.32, 7.51, 84.03, 1
0.19, -0.68, 3.61, 74.57, 1
0.22, -0.22, 0.91, 61.49, 0
0.17, 0.63, -4.0, 11.84, 1
0.03, 1.49, -9.1, -60.26, 1
-0.1, 1.29, -7.81, -84.71, 1
-0.19, 0.63, -3.82, -75.59, 1
-0.22, 0.15, -1.01, -62.15, 1
-0.22, -0.04, -0.02, -55.62, 0
-0.16, -0.81, 4.39, -7.69, 0
-0.08, -0.9, 4.78, 15.03, 1
0.04, -1.39, 7.7, 66.64, 1
0.14, -1.07, 5.73, 78.19, 1
0.2, -0.54, 2.55, 68.85, 1
0.22, -0.18, 0.51, 58.32, 1
0.22, -0.02, -0.28, 52.28, 0
0.16, 0.7, -4.41, 6.06, 0
0.08, 0.77, -4.66, -15.21, 0
0.02, 0.48, -2.73, -14.43, 0
-0.0, 0.2, -0.92, -6.99, 0
-0.01, 0.06, 0.01, -1.17, 0
-0.0, 0.01, 0.25, 1.27, 0
0.0, 0.01, 0.24, 2.08, 0
0.0, 0.02, 0.16, 2.03, 0
0.0, 0.03, 0.08, 1.71, 0
0.0, 0.03, 0.05, 1.49, 0
0.0, 0.03, 0.04, 1.48, 0
0.0, 0.03, 0.04, 1.49, 0
0.0, 0.02, 0.04, 1.49, 0
0.0, 0.02, 0.04, 1.49, 0
0.0, 0.02, 0.04, 1.48, 0
0.0, 0.02, 0.04, 1.48, 0
0.0, 0.02, 0.04, 1.48, 0
0.0, 0.02, 0.04, 1.48, 0
0.0, 0.02, 0.04, 1.48, 0
0.0, 0.02, 0.04, 1.48, 0
0.0, 0.01, 0.04, 1.48, 0
0.0, 0.01, 0.04, 1.48, 0
0.0, 0.01, 0.04, 1.48, 0
0.0, 0.01, 0.04, 1.48, 0
0.0, 0.01, 0.04, 1.48, 0
0.0, 0.01, 0.04, 1.48, 0
0.0, 0.01, 0.04, 1.48, 0
0.0, 0.01, 0.04, 1.48, 0
0.0, 0.0, 0.04, 1.48, 0
0.0, 0.0, 0.04, 1.48, 0
0.0, 0.0, 0.04, 1.48, 0
0.0, 0.0, 0.04, 1.48, 0
0.0, 0.0, 0.04, 1.47, 0
0.0, 0.0, 0.03, 1.42, 0
0.0, 0.0, 0.03, 1.38, 0
0.0, 0.0, 0.03, 1.34, 0
0.0, 0.0, 0.02, 1.3, 0
0.0, 0.0, 0.02, 1.25, 0
0.0, 0.0, 0.02, 1.2, 0
0.0, 0.0, 0.02, 1.14, 0
0.0, 0.0, 0.01, 1.09, 1
-0.06, 0.71, -4.39, -46.71, 1
-0.13, 0.74, -4.61, -67.52, 1
-0.19, 0.4, -2.64, -66.23, 1
-0.21, 0.1, -0.89, -59.0, 0
-0.16, -0.72, 3.84, -11.3, 0
-0.09, -0.86, 4.55, 12.63, 0
-0.03, -0.62, 2.91, 14.42, 0
-0.0, -0.34, 1.1, 7.69, 0
0.0, -0.18, 0.08, 1.7, 0
0.0, -0.13, -0.22, -0.96, 0
-0.0, -0.12, -0.24, -1.96, 0
-0.0, -0.13, -0.17, -2.03, 0
-0.0, -0.14, -0.09, -1.74, 0
-0.0, -0.14, -0.05, -1.5, 0
-0.0, -0.14, -0.04, -1.48, 0
-0.0, -0.14, -0.04, -1.49, 0
-0.0, -0.14, -0.04, -1.49, 0
-0.0, -0.14, -0.04, -1.49, 0
-0.0, -0.13, -0.04, -1.49, 0
-0.0, -0.13, -0.04, -1.48, 0
-0.0, -0.13, -0.04, -1.48, 0
-0.0, -0.13, -0.04, -1.48, 0
-0.0, -0.13, -0.04, -1.48, 0
-0.0, -0.13, -0.04, -1.48, 0
-0.0, -0.13, -0.04, -1.48, 0
-0.0, -0.13, -0.04, -1.48, 0
-0.0, -0.12, -0.04, -1.48, 0
-0.0, -0.12, -0.04, -1.48, 0
-0.0, -0.12, -0.04, -1.48, 0
-0.0, -0.12, -0.04, -1.48, 0
-0.0, -0.12, -0.04, -1.48, 0
-0.0, -0.12, -0.04, -1.48, 0
-0.0, -0.12, -0.04, -1.48, 1
0.05, -0.83, 4.4, 46.56, 1
0.13, -0.86, 4.63, 67.54, 1
0.19, -0.53, 2.66, 66.29, 1
0.21, -0.22, 0.89, 59.05, 1
0.21, -0.04, -0.02, 53.37, 1
0.21, 0.01, -0.09, 52.36, 0
0.15, 0.73, -4.24, 6.75, 0
0.08, 0.81, -4.56, -14.51, 0
0.02, 0.53, -2.7, -14.12, 0
0.0, 0.26, -0.93, -6.93, 0
-0.0, 0.12, 0.0, -1.17, 0
-0.0, 0.07, 0.24, 1.24, 0
0.0, 0.07, 0.24, 2.05, 0
0.0, 0.08, 0.16, 2.01, 0
0.0, 0.08, 0.08, 1.7, 0
0.0, 0.09, 0.05, 1.49, 0
0.0, 0.08, 0.04, 1.48, 0
0.0, 0.08, 0.04, 1.49, 0
0.0, 0.08, 0.04, 1.49, 0
0.0, 0.08, 0.04, 1.49, 0
0.0, 0.08, 0.04, 1.48, 0
0.0, 0.08, 0.04, 1.48, 0
0.0, 0.08, 0.04, 1.48, 0
0.0, 0.08, 0.04, 1.48, 0
0.0, 0.08, 0.04, 1.48, 0
0.0, 0.07, 0.04, 1.48, 0
0.0, 0.07, 0.04, 1.48, 0
0.0, 0.07, 0.04, 1.48, 0
0.0, 0.07, 0.04, 1.48, 0
0.0, 0.07, 0.04, 1.48, 0
0.0, 0.07, 0.04, 1.48, 0
0.0, 0.07, 0.04, 1.48, 0
0.0, 0.07, 0.04, 1.48, 0
0.0, 0.06, 0.04, 1.48, 0
0.0, 0.06, 0.04, 1.48, 0
0.0, 0.06, 0.04, 1.48, 0
0.0, 0.06, 0.04, 1.48, 0
0.0, 0.06, 0.04, 1.48, 0
0.0, 0.06, 0.04, 1.48, 0
0.0, 0.06, 0.04, 1.48, 0
0.0, 0.06, 0.04, 1.48, 0
0.0, 0.05, 0.04, 1.48, 0
0.0, 0.05, 0.04, 1.48, 0
0.0, 0.05, 0.04, 1.48, 0
0.0, 0.05, 0.04, 1.48, 0
0.0, 0.05, 0.04, 1.48, 0
0.0, 0.05, 0.04, 1.48, 1
0.06, -0.63, 4.23, 47.17, 1
0.14, -0.65, 4.41, 66.89, 1
0.19, -0.33, 2.51, 65.56, 0
0.16, 0.58, -2.81, 18.09, 0
0.09, 0.83, -4.13, -8.07, 0
0.04, 0.66, -2.99, -13.42, 0
0.01, 0.4, -1.29, -8.17, 0
-0.0, 0.24, -0.21, -2.37, 0
-0.0, 0.17, 0.19, 0.81, 0
0.0, 0.16, 0.23, 1.85, 1
0.06, -0.51, 4.38, 47.92, 0
0.07, 0.27, -0.45, 13.99, 0
0.05, 0.46, -1.51, 0.51, 0
0.02, 0.44, -1.32, -4.0, 0
0.01, 0.35, -0.68, -2.97, 0
0.0, 0.27, -0.17, -0.61, 0
0.0, 0.24, 0.06, 0.91, 1
-0.06, 0.94, -4.33, -46.56, 1
-0.13, 0.97, -4.56, -67.3, 1
-0.19, 0.64, -2.62, -66.1, 1
-0.21, 0.34, -0.88, -58.95, 1
-0.21, 0.16, 0.02, -53.34, 1
-0.21, 0.08, 0.24, -51.01, 0
-0.15, -0.62, 4.29, -5.95, 0
-0.08, -0.69, 4.53, 14.73, 0
-0.02, -0.4, 2.65, 13.99, 0
0.0, -0.13, 0.9, 6.77, 0
0.0, 0.0, 0.03, 1.42, 0
0.0, 0.0, 0.03, 1.38, 0
0.0, 0.0, 0.02, 1.33, 0
0.0, 0.0, 0.02, 1.28, 0
0.0, 0.0, 0.02, 1.23, 0
0.0, 0.0, 0.02, 1.18, 0
0.0, 0.0, 0.01, 1.13, 0
0.0, 0.0, 0.01, 1.08, 0
0.0, 0.0, 0.01, 1.02, 0
0.0, 0.0, 0.01, 0.97, 0
0.0, 0.0, 0.0, 0.92, 0
0.0, 0.0, 0.0, 0.86, 0
0.0, 0.0, 0.0, 0.81, 0
0.0, 0.0, 0.0, 0.78, 0
0.0, 0.0, 0.0, 0.75, 0
0.0, 0.0, 0.0, 0.72, 0
0.0, 0.0, -0.0, 0.7, 0
0.0, 0.0, -0.0, 0.67, 0
0.0, 0.0, -0.0, 0.65, 0
0.0, 0.0, -0.0, 0.63, 0
0.0, 0.0, -0.0, 0.61, 0
0.0, 0.0, 0.0, 0.6, 0
0.0, 0.0, 0.0, 0.58, 0
0.0, 0.0, -0.0, 0.57, 0
0.0, 0.0, 0.0, 0.55, 0
0.0, 0.0, 0.0, 0.53, 0
0.0, 0.0, 0.0, 0.52, 0
0.0, 0.0, -0.0, 0.51, 0
0.0, 0.0, -0.0, 0.5, 0
0.0, 0.0, 0.0, 0.49, 1
-0.06, 0.7, -4.35, -46.82, 1
-0.13, 0.73, -4.56, -67.37, 1
-0.19, 0.4, -2.61, -66.07, 1
-0.21, 0.09, -0.87, -58.91, 1
-0.21, -0.05, -0.17, -54.92, 1
-0.22, -0.1, -0.05, -54.19, 1
-0.1, -1.55, 8.51, 38.64, 1
0.05, -1.7, 9.35, 83.27, 1
0.16, -1.07, 5.46, 81.62, 1
0.21, -0.48, 1.92, 67.37, 1
0.22, -0.15, 0.07, 56.16, 1
0.22, -0.02, -0.44, 51.18, 0
0.16, 0.68, -4.49, 5.28, 1
0.02, 1.45, -9.05, -63.01, 1
-0.11, 1.2, -7.46, -84.06, 1
-0.19, 0.56, -3.56, -74.38, 0
-0.16, -0.51, 2.87, -19.59, 0
-0.1, -0.78, 4.32, 8.15, 0
-0.04, -0.61, 3.16, 14.14, 0
-0.01, -0.34, 1.38, 8.73, 0
0.0, -0.17, 0.24, 2.64, 0
0.0, -0.1, -0.2, -0.78, 0
-0.0, -0.08, -0.24, -1.88, 0
-0.0, -0.09, -0.17, -2.0, 0
-0.0, -0.1, -0.1, -1.75, 0
-0.0, -0.1, -0.05, -1.52, 0
-0.0, -0.1, -0.04, -1.48, 0
-0.0, -0.1, -0.04, -1.49, 0
-0.0, -0.1, -0.04, -1.49, 0
-0.0, -0.1, -0.04, -1.49, 0
-0.0, -0.1, -0.04, -1.49, 0
-0.0, -0.09, -0.04, -1.48, 0
-0.0, -0.09, -0.04, -1.48, 0
-0.0, -0.09, -0.04, -1.48, 0
-0.0, -0.09, -0.04, -1.48, 0
-0.0, -0.09, -0.04, -1.48, 0
-0.0, -0.09, -0.04, -1.48, 0
-0.0, -0.09, -0.04, -1.48, 0
-0.0, -0.09, -0.04, -1.48, 0
-0.0, -0.08, -0.04, -1.48, 0
-0.0, -0.08, -0.04, -1.48, 0
-0.0, -0.08, -0.04, -1.48, 0
-0.0, -0.08, -0.04, -1.48, 0
-0.0, -0.08, -0.04, -1.48, 0
-0.0, -0.08, -0.04, -1.48, 0
-0.0, -0.08, -0.04, -1.48, 0
-0.0, -0.08, -0.04, -1.48, 0
-0.0, -0.07, -0.04, -1.48, 0
-0.0, -0.07, -0.04, -1.48, 0
-0.0, -0.07, -0.04, -1.48, 0
-0.0, -0.07, -0.04, -1.48, 0
-0.0, -0.07, -0.04, -1.48, 0
-0.0, -0.07, -0.04, -1.48, 0
-0.0, -0.07, -0.04, -1.48, 0
-0.0, -0.07, -0.04, -1.48, 0
-0.0, -0.06, -0.04, -1.48, 0
-0.0, -0.06, -0.04, -1.48, 0
-0.0, -0.06, -0.04, -1.48, 0
-0.0, -0.06, -0.04, -1.48, 0
-0.0, -0.06, -0.04, -1.48, 0
-0.0, -0.06, -0.04, -1.48, 0
-0.0, -0.06, -0.04, -1.48, 0
-0.0, -0.06, -0.04, -1.48, 0
-0.0, -0.05, -0.04, -1.48, 0
-0.0, -0.05, -0.04, -1.48, 0
-0.0, -0.05, -0.04, -1.48, 0
-0.0, -0.05, -0.04, -1.48, 1
-0.06, 0.62, -4.23, -47.17, 1
-0.14, 0.64, -4.41, -66.89, 1
-0.19, 0.32, -2.51, -65.56, 1
-0.21, 0.03, -0.84, -58.62, 1
-0.1, -1.48, 8.11, 35.16, 1
0.05, -1.68, 9.26, 81.45, 1
0.16, -1.09, 5.58, 81.59, 1
0.21, -0.5, 2.03, 67.8, 0
0.17, 0.47, -3.6, 15.24, 0
0.09, 0.67, -4.65, -11.35, 0
0.03, 0.45, -3.14, -15.01, 1
-0.06, 0.93, -6.11, -60.4, 1
-0.15, 0.73, -4.88, -73.05, 1
-0.2, 0.29, -2.3, -66.43, 0
-0.16, -0.62, 3.08, -17.5, 0
-0.09, -0.86, 4.34, 9.15, 1
0.02, -1.42, 7.75, 64.31, 1
0.13, -1.15, 6.04, 78.79, 1
0.2, -0.61, 2.78, 69.92, 0
0.16, 0.48, -3.66, 11.59, 0
0.08, 0.63, -4.41, -11.95, 1
-0.03, 1.16, -7.59, -64.9, 1
-0.14, 0.87, -5.82, -78.07, 1
-0.2, 0.35, -2.65, -69.21, 1
-0.11, -1.31, 7.23, 27.08, 1
0.04, -1.62, 9.07, 77.26, 1
0.15, -1.11, 5.87, 81.62, 0
0.14, 0.22, -2.22, 18.74, 1
0.03, 1.17, -7.95, -52.81, 1
-0.1, 1.1, -7.48, -81.16, 1
-0.18, 0.52, -3.9, -74.94, 1
-0.22, 0.05, -1.15, -62.54, 0
-0.17, -0.81, 3.85, -12.87, 0
-0.09, -0.98, 4.7, 12.56, 1
0.03, -1.5, 7.82, 66.07, 1
0.14, -1.19, 5.92, 78.77, 0
0.13, 0.09, -1.91, 18.87, 0
0.08, 0.34, -3.33, -4.59, 0
0.03, 0.24, -2.58, -10.7, 0
0.01, 0.03, -1.19, -6.99, 0
-0.0, -0.06, -0.62, -5.67, 0
-0.01, -0.12, -0.18, -3.45, 0
-0.01, -0.15, -0.0, -2.05, 0
-0.01, -0.16, 0.0, -1.76, 0
-0.01, -0.16, -0.01, -1.65, 0
-0.01, -0.16, -0.02, -1.59, 0
-0.01, -0.16, -0.03, -1.57, 0
-0.01, -0.16, -0.03, -1.54, 0
-0.01, -0.16, -0.03, -1.53, 0
-0.0, -0.16, -0.04, -1.51, 0
-0.0, -0.16, -0.04, -1.51, 0
-0.0, -0.16, -0.04, -1.51, 0
-0.0, -0.16, -0.04, -1.5, 0
-0.0, -0.16, -0.04, -1.49, 0
-0.0, -0.16, -0.04, -1.48, 0
-0.0, -0.15, -0.04, -1.48, 0
-0.0, -0.15, -0.04, -1.48, 0
-0.0, -0.15, -0.04, -1.48, 0
-0.0, -0.15, -0.04, -1.48, 0
-0.0, -0.15, -0.04, -1.48, 0
-0.0, -0.15, -0.04, -1.48, 0
-0.0, -0.15, -0.04, -1.48, 0
-0.0, -0.15, -0.04, -1.48, 0
-0.0, -0.14, -0.04, -1.48, 0
-0.0, -0.14, -0.04, -1.48, 0
-0.0, -0.14, -0.04, -1.48, 0
-0.0, -0.14, -0.04, -1.48, 0
-0.0, -0.14, -0.04, -1.48, 0
-0.0, -0.14, -0.04, -1.48, 0
-0.0, -0.14, -0.04, -1.48, 0
-0.0, -0.14, -0.04, -1.48, 0
-0.0, -0.13, -0.04, -1.48, 0
-0.0, -0.13, -0.04, -1.48, 0
-0.0, -0.13, -0.04, -1.48, 0
-0.0, -0.13, -0.04, -1.48, 0
-0.0, -0.13, -0.04, -1.48, 0
-0.0, -0.13, -0.04, -1.48, 0
-0.0, -0.13, -0.04, -1.48, 0
-0.0, -0.13, -0.04, -1.48, 0
-0.0, -0.12, -0.04, -1.48, 0
-0.0, -0.12, -0.04, -1.48, 0
-0.0, -0.12, -0.04, -1.48, 0
-0.0, -0.12, -0.04, -1.48, 0
-0.0, -0.12, -0.04, -1.48, 0
-0.0, -0.12, -0.04, -1.48, 0
-0.0, -0.12, -0.04, -1.48, 0
-0.0, -0.12, -0.04, -1.48, 0
-0.0, -0.11, -0.04, -1.48, 1
-0.06, 0.56, -4.23, -47.17, 1
-0.14, 0.58, -4.41, -66.89, 1
-0.19, 0.26, -2.51, -65.56, 1
-0.21, -0.0, -1.07, -60.58, 1
-0.22, -0.13, -0.42, -57.88, 0
-0.16, -0.93, 4.19, -9.48, 0
-0.09, -1.05, 4.74, 14.13, 0
-0.03, -0.78, 2.92, 14.91, 0
-0.0, -0.49, 1.06, 7.67, 0
0.01, -0.34, 0.04, 1.55, 0
0.0, -0.29, -0.24, -1.09, 0
-0.0, -0.28, -0.25, -2.04, 0
-0.0, -0.29, -0.17, -2.05, 0
-0.0, -0.29, -0.09, -1.74, 0
-0.0, -0.3, -0.05, -1.51, 0
-0.0, -0.3, -0.04, -1.48, 0
-0.0, -0.3, -0.04, -1.49, 0
-0.0, -0.29, -0.04, -1.49, 0
-0.0, -0.29, -0.04, -1.49, 0
-0.0, -0.29, -0.04, -1.48, 0
-0.0, -0.29, -0.04, -1.48, 0
-0.0, -0.29, -0.04, -1.48, 0
-0.0, -0.29, -0.04, -1.48, 0
-0.0, -0.29, -0.04, -1.48, 0
-0.0, -0.29, -0.04, -1.48, 0
-0.0, -0.29, -0.04, -1.48, 0
-0.0, -0.28, -0.04, -1.48, 0
-0.0, -0.28, -0.04, -1.48, 0
-0.0, -0.28, -0.04, -1.48, 0
-0.0, -0.28, -0.04, -1.48, 0
-0.0, -0.28, -0.04, -1.48, 0
-0.0, -0.28, -0.04, -1.48, 0
-0.0, -0.28, -0.04, -1.48, 1
0.05, -0.99, 4.4, 46.56, 1
0.13, -1.02, 4.63, 67.54, 1
0.19, -0.69, 2.66, 66.29, 1
0.21, -0.38, 0.89, 59.05, 1
0.21, -0.2, -0.02, 53.37, 1
0.21, -0.12, -0.25, 51.01, 0
0.15, 0.58, -4.29, 5.94, 0
0.08, 0.65, -4.53, -14.74, 0
0.02, 0.36, -2.65, -13.99, 0
-0.0, 0.09, -0.9, -6.77, 0
-0.01, -0.02, -0.17, -2.6, 0
-0.01, -0.03, -0.04, -1.82, 0
-0.01, -0.04, -0.03, -1.62, 0
-0.01, -0.04, -0.03, -1.57, 0
-0.01, -0.04, -0.03, -1.54, 0
-0.01, -0.04, -0.03, -1.52, 0
-0.0, -0.04, -0.04, -1.51, 0
-0.0, -0.04, -0.04, -1.52, 0
-0.0, -0.04, -0.04, -1.51, 0
-0.0, -0.03, -0.04, -1.5, 0
-0.0, -0.03, -0.04, -1.49, 0
-0.0, -0.03, -0.04, -1.48, 0
-0.0, -0.03, -0.04, -1.48, 0
-0.0, -0.03, -0.04, -1.48, 0
-0.0, -0.03, -0.04, -1.48, 0
-0.0, -0.03, -0.04, -1.48, 0
-0.0, -0.03, -0.04, -1.48, 0
-0.0, -0.02, -0.04, -1.48, 0
-0.0, -0.02, -0.04, -1.48, 0
-0.0, -0.02, -0.04, -1.48, 0
-0.0, -0.02, -0.04, -1.48, 0
-0.0, -0.02, -0.04, -1.48, 0
-0.0, -0.02, -0.04, -1.48, 0
-0.0, -0.02, -0.04, -1.48, 0
-0.0, -0.02, -0.04, -1.48, 0
-0.0, -0.01, -0.04, -1.48, 0
-0.0, -0.01, -0.04, -1.48, 0
-0.0, -0.01, -0.04, -1.48, 0
-0.0, -0.01, -0.04, -1.48, 0
-0.0, -0.01, -0.04, -1.48, 0
-0.0, -0.01, -0.04, -1.48, 0
-0.0, -0.01, -0.04, -1.48, 0
-0.0, -0.01, -0.04, -1.48, 0
-0.0, -0.0, -0.04, -1.48, 0
-0.0, -0.0, -0.04, -1.48, 0
-0.0, -0.0, -0.04, -1.48, 0
-0.0, -0.0, -0.04, -1.48, 1
0.05, -0.72, 4.4, 46.56, 1
0.13, -0.75, 4.63, 67.54, 1
0.19, -0.41, 2.66, 66.29, 1
0.21, -0.1, 0.89, 59.05, 0
0.16, 0.71, -3.83, 11.34, 0
0.09, 0.86, -4.55, -12.61, 0
0.03, 0.61, -2.91, -14.42, 0
0.0, 0.34, -1.1, -7.69, 0
-0.0, 0.18, -0.08, -1.7, 1
0.05, -0.54, 4.38, 46.41, 1
0.13, -0.57, 4.62, 67.48, 1
0.19, -0.24, 2.66, 66.3, 0
0.16, 0.68, -2.73, 18.73, 0
0.09, 0.93, -4.1, -7.69, 0
0.04, 0.77, -3.0, -13.37, 0
0.01, 0.51, -1.31, -8.24, 0
-0.0, 0.35, -0.22, -2.44, 0
-0.0, 0.28, 0.19, 0.81, 1
0.06, -0.4, 4.43, 47.67, 0
0.07, 0.33, -0.1, 16.99, 0
0.05, 0.56, -1.42, 2.09, 0
0.03, 0.57, -1.39, -3.72, 0
0.01, 0.48, -0.78, -3.27, 0
0.0, 0.4, -0.23, -0.96, 0
0.0, 0.36, 0.04, 0.78, 0
0.0, 0.34, 0.09, 1.28, 0
0.0, 0.34, 0.08, 1.44, 0
0.0, 0.34, 0.06, 1.43, 0
0.0, 0.34, 0.05, 1.41, 0
0.0, 0.33, 0.05, 1.42, 0
0.0, 0.33, 0.05, 1.46, 0
0.0, 0.33, 0.04, 1.46, 0
0.0, 0.33, 0.04, 1.46, 0
0.0, 0.33, 0.04, 1.48, 0
0.0, 0.33, 0.04, 1.49, 0
0.0, 0.33, 0.04, 1.49, 0
0.0, 0.32, 0.04, 1.49, 0
0.0, 0.32, 0.04, 1.49, 0
0.0, 0.32, 0.04, 1.48, 0
0.0, 0.32, 0.04, 1.48, 0
0.0, 0.32, 0.04, 1.48, 0
0.0, 0.32, 0.04, 1.48, 0
0.0, 0.32, 0.04, 1.48, 0
0.0, 0.32, 0.04, 1.48, 0
0.0, 0.31, 0.04, 1.48, 0
0.0, 0.31, 0.04, 1.48, 0
0.0, 0.31, 0.04, 1.48, 0
0.0, 0.31, 0.04, 1.48, 0
0.0, 0.31, 0.04, 1.48, 0
0.0, 0.31, 0.04, 1.48, 0
0.0, 0.31, 0.04, 1.48, 0
0.0, 0.31, 0.04, 1.48, 0
0.0, 0.3, 0.04, 1.48, 0
0.0, 0.3, 0.04, 1.48, 0
0.0, 0.3, 0.04, 1.48, 0
0.0, 0.3, 0.04, 1.48, 0
0.0, 0.3, 0.04, 1.48, 0
0.0, 0.3, 0.04, 1.48, 0
0.0, 0.3, 0.04, 1.48, 0
0.0, 0.3, 0.04, 1.48, 0
0.0, 0.29, 0.04, 1.48, 0
0.0, 0.29, 0.04, 1.48, 0
0.0, 0.29, 0.04, 1.48, 0
0.0, 0.29, 0.04, 1.48, 0
0.0, 0.29, 0.04, 1.48, 0
0.0, 0.29, 0.04, 1.48, 0
0.0, 0.29, 0.04, 1.48, 0
0.0, 0.29, 0.04, 1.48, 0
0.0, 0.28, 0.04, 1.48, 0
0.0, 0.28, 0.04, 1.48, 0
0.0, 0.28, 0.04, 1.48, 0
0.0, 0.28, 0.04, 1.48, 0
0.0, 0.28, 0.04, 1.48, 0
0.0, 0.28, 0.04, 1.48, 0
0.0, 0.28, 0.04, 1.48, 0
0.0, 0.28, 0.04, 1.48, 0
0.0, 0.27, 0.04, 1.48, 0
0.0, 0.27, 0.04, 1.48, 0
0.0, 0.27, 0.04, 1.48, 0
0.0, 0.27, 0.04, 1.48, 0
0.0, 0.27, 0.04, 1.48, 0
0.0, 0.27, 0.04, 1.48, 0
0.0, 0.27, 0.04, 1.48, 0
0.0, 0.27, 0.04, 1.48, 0
0.0, 0.26, 0.04, 1.48, 0
0.0, 0.26, 0.04, 1.48, 0
0.0, 0.26, 0.04, 1.48, 0
0.0, 0.26, 0.04, 1.48, 0
0.0, 0.26, 0.04, 1.48, 0
0.0, 0.26, 0.04, 1.48, 0
0.0, 0.26, 0.04, 1.48, 0
0.0, 0.26, 0.04, 1.48, 0
0.0, 0.25, 0.04, 1.48, 1
-0.05, 0.97, -4.4, -46.56, 1
-0.13, 1.0, -4.63, -67.54, 1
-0.19, 0.67, -2.66, -66.29, 1
-0.21, 0.36, -0.89, -59.05, 0
-0.16, -0.46, 3.83, -11.34, 0
-0.09, -0.61, 4.55, 12.61, 0
-0.03, -0.36, 2.91, 14.42, 0
-0.0, -0.08, 1.1, 7.69, 0
0.01, 0.04, 0.27, 3.33, 0
0.01, 0.07, 0.07, 2.12, 0
0.01, 0.08, 0.02, 1.69, 0
0.01, 0.08, 0.02, 1.6, 0
0.01, 0.08, 0.03, 1.56, 0
0.01, 0.08, 0.03, 1.53, 0
0.01, 0.08, 0.03, 1.52, 0
0.0, 0.08, 0.04, 1.51, 0
0.0, 0.08, 0.04, 1.52, 0
0.0, 0.08, 0.04, 1.51, 0
0.0, 0.08, 0.04, 1.5, 0
0.0, 0.08, 0.04, 1.49, 0
0.0, 0.08, 0.04, 1.48, 0
0.0, 0.08, 0.04, 1.48, 0
0.0, 0.07, 0.04, 1.48, 0
0.0, 0.07, 0.04, 1.48, 0
0.0, 0.07, 0.04, 1.48, 0
0.0, 0.07, 0.04, 1.48, 0
0.0, 0.07, 0.04, 1.48, 0
0.0, 0.07, 0.04, 1.48, 0
0.0, 0.07, 0.04, 1.48, 0
0.0, 0.07, 0.04, 1.48, 0
0.0, 0.06, 0.04, 1.48, 0
0.0, 0.06, 0.04, 1.48, 0
0.0, 0.06, 0.04, 1.48, 0
0.0, 0.06, 0.04, 1.48, 0
0.0, 0.06, 0.04, 1.48, 0
0.0, 0.06, 0.04, 1.48, 0
0.0, 0.06, 0.04, 1.48, 0
0.0, 0.06, 0.04, 1.48, 0
0.0, 0.05, 0.04, 1.48, 0
0.0, 0.05, 0.04, 1.48, 0
0.0, 0.05, 0.04, 1.48, 0
0.0, 0.05, 0.04, 1.48, 0
0.0, 0.05, 0.04, 1.48, 0
0.0, 0.05, 0.04, 1.48, 0
0.0, 0.05, 0.04, 1.48, 0
0.0, 0.05, 0.04, 1.48, 0
0.0, 0.04, 0.04, 1.48, 0
0.0, 0.04, 0.04, 1.48, 0
0.0, 0.04, 0.04, 1.48, 0
0.0, 0.04, 0.04, 1.48, 0
0.0, 0.04, 0.04, 1.48, 0
0.0, 0.04, 0.04, 1.48, 0
0.0, 0.04, 0.04, 1.48, 0
0.0, 0.04, 0.04, 1.48, 0
0.0, 0.03, 0.04, 1.48, 0
0.0, 0.03, 0.04, 1.48, 0
0.0, 0.03, 0.04, 1.48, 0
0.0, 0.03, 0.04, 1.48, 0
0.0, 0.03, 0.04, 1.48, 0
0.0, 0.03, 0.04, 1.48, 0
0.0, 0.03, 0.04, 1.48, 0
0.0, 0.03, 0.04, 1.48, 0
0.0, 0.02, 0.04, 1.48, 0
0.0, 0.02, 0.04, 1.48, 0
0.0, 0.02, 0.04, 1.48, 0
0.0, 0.02, 0.04, 1.48, 0
0.0, 0.02, 0.04, 1.48, 0
0.0, 0.02, 0.04, 1.48, 0
0.0, 0.02, 0.04, 1.48, 0
0.0, 0.02, 0.04, 1.48, 0
0.0, 0.01, 0.04, 1.48, 1
0.06, -0.66, 4.23, 47.17, 1
0.14, -0.68, 4.41, 66.89, 1
0.19, -0.36, 2.51, 65.56, 0
0.16, 0.55, -2.81, 18.09, 0
0.09, 0.79, -4.13, -8.07, 0
0.04, 0.63, -2.99, -13.42, 0
0.01, 0.37, -1.29, -8.17, 0
-0.0, 0.2, -0.21, -2.37, 1
0.05, -0.52, 4.31, 45.83, 1
0.13, -0.57, 4.61, 67.19, 1
0.18, -0.24, 2.68, 66.27, 1
0.21, 0.02, 1.2, 61.48, 1
0.22, 0.17, 0.47, 58.44, 0
0.16, 0.98, -4.19, 9.74, 1
0.03, 1.81, -9.12, -61.25, 1
-0.11, 1.59, -7.71, -84.6, 1
-0.19, 0.94, -3.74, -75.25, 1
-0.22, 0.46, -0.97, -61.9, 1
-0.22, 0.24, 0.22, -53.62, 0
-0.16, -0.5, 4.46, -6.51, 0
-0.08, -0.58, 4.75, 15.37, 0
-0.02, -0.28, 2.79, 14.73, 0
0.0, -0.0, 0.95, 7.19, 0
0.01, 0.09, 0.37, 4.77, 0
0.01, 0.14, 0.04, 2.62, 0
0.01, 0.15, -0.03, 1.84, 0
0.01, 0.16, -0.01, 1.66, 0
0.01, 0.16, 0.01, 1.63, 0
0.01, 0.16, 0.02, 1.6, 0
0.01, 0.16, 0.03, 1.57, 0
0.01, 0.16, 0.03, 1.54, 0
0.01, 0.16, 0.03, 1.52, 0
0.0, 0.16, 0.04, 1.51, 0
0.0, 0.16, 0.04, 1.51, 0
0.0, 0.16, 0.04, 1.5, 0
0.0, 0.16, 0.04, 1.49, 0
0.0, 0.16, 0.04, 1.49, 0
0.0, 0.15, 0.04, 1.48, 0
0.0, 0.15, 0.04, 1.48, 0
0.0, 0.15, 0.04, 1.48, 0
0.0, 0.15, 0.04, 1.48, 0
0.0, 0.15, 0.04, 1.48, 0
0.0, 0.15, 0.04, 1.48, 0
0.0, 0.15, 0.04, 1.48, 0
0.0, 0.14, 0.04, 1.48, 0
0.0, 0.14, 0.04, 1.48, 0
0.0, 0.14, 0.04, 1.48, 0
0.0, 0.14, 0.04, 1.48, 0
0.0, 0.14, 0.04, 1.48, 0
0.0, 0.14, 0.04, 1.48, 0
0.0, 0.14, 0.04, 1.48, 0
0.0, 0.14, 0.04, 1.48, 0
0.0, 0.13, 0.04, 1.48, 0
0.0, 0.13, 0.04, 1.48, 0
0.0, 0.13, 0.04, 1.48, 0
0.0, 0.13, 0.04, 1.48, 0
0.0, 0.13, 0.04, 1.48, 0
0.0, 0.13, 0.04, 1.48, 0
0.0, 0.13, 0.04, 1.48, 0
0.0, 0.13, 0.04, 1.48, 0
0.0, 0.13, 0.04, 1.48, 0
0.0, 0.12, 0.04, 1.48, 0
0.0, 0.12, 0.04, 1.48, 0
0.0, 0.12, 0.04, 1.48, 0
0.0, 0.12, 0.04, 1.48, 0
0.0, 0.12, 0.04, 1.48, 0
0.0, 0.12, 0.04, 1.48, 0
0.0, 0.12, 0.04, 1.48, 0
0.0, 0.12, 0.04, 1.48, 0
0.0, 0.11, 0.04, 1.48, 0
0.0, 0.11, 0.04, 1.48, 0
0.0, 0.11, 0.04, 1.48, 0
0.0, 0.11, 0.04, 1.48, 0
0.0, 0.11, 0.04, 1.48, 0
0.0, 0.11, 0.04, 1.48, 0
0.0, 0.11, 0.04, 1.48, 0
0.0, 0.11, 0.04, 1.48, 0
0.0, 0.1, 0.04, 1.48, 0
0.0, 0.1, 0.04, 1.48, 0
0.0, 0.1, 0.04, 1.48, 0
0.0, 0.1, 0.04, 1.48, 0
0.0, 0.1, 0.04, 1.48, 0
0.0, 0.1, 0.04, 1.48, 0
0.0, 0.1, 0.04, 1.48, 0
0.0, 0.1, 0.04, 1.48, 0
0.0, 0.09, 0.04, 1.48, 0
0.0, 0.09, 0.04, 1.48, 0
0.0, 0.09, 0.04, 1.48, 0
0.0, 0.09, 0.04, 1.48, 0
0.0, 0.09, 0.04, 1.48, 0
0.0, 0.09, 0.04, 1.48, 0
0.0, 0.09, 0.04, 1.48, 1
-0.05, 0.8, -4.4, -46.56, 1
-0.13, 0.83, -4.63, -67.54, 1
-0.19, 0.5, -2.66, -66.29, 1
-0.21, 0.19, -0.89, -59.05, 1
-0.21, 0.01, 0.02, -53.37, 0
-0.16, -0.73, 4.26, -7.16, 0
-0.08, -0.81, 4.61, 14.54, 0
-0.03, -0.53, 2.74, 14.31, 0
-0.0, -0.25, 0.95, 7.08, 0
0.0, -0.11, 0.0, 1.22, 0
0.0, -0.06, -0.24, -1.22, 0
-0.0, -0.06, -0.24, -2.05, 0
-0.0, -0.07, -0.16, -2.02, 0
-0.0, -0.07, -0.08, -1.71, 0
-0.0, -0.08, -0.05, -1.49, 0
-0.0, -0.08, -0.04, -1.48, 0
-0.0, -0.07, -0.04, -1.49, 0
-0.0, -0.07, -0.04, -1.49, 0
-0.0, -0.07, -0.04, -1.49, 0
-0.0, -0.07, -0.04, -1.48, 0
-0.0, -0.07, -0.04, -1.48, 0
-0.0, -0.07, -0.04, -1.48, 0
-0.0, -0.07, -0.04, -1.48, 0
-0.0, -0.07, -0.04, -1.48, 0
-0.0, -0.06, -0.04, -1.48, 0
-0.0, -0.06, -0.04, -1.48, 0
-0.0, -0.06, -0.04, -1.48, 0
-0.0, -0.06, -0.04, -1.48, 0
-0.0, -0.06, -0.04, -1.48, 0
-0.0, -0.06, -0.04, -1.48, 0
-0.0, -0.06, -0.04, -1.48, 0
-0.0, -0.06, -0.04, -1.48, 0
-0.0, -0.05, -0.04, -1.48, 0
-0.0, -0.05, -0.04, -1.48, 0
-0.0, -0.05, -0.04, -1.48, 0
-0.0, -0.05, -0.04, -1.48, 0
-0.0, -0.05, -0.04, -1.48, 0
-0.0, -0.05, -0.04, -1.48, 0
-0.0, -0.05, -0.04, -1.48, 0
-0.0, -0.05, -0.04, -1.48, 0
-0.0, -0.05, -0.04, -1.48, 0
-0.0, -0.04, -0.04, -1.48, 0
-0.0, -0.04, -0.04, -1.48, 0
-0.0, -0.04, -0.04, -1.48, 0
-0.0, -0.04, -0.04, -1.48, 0
-0.0, -0.04, -0.04, -1.48, 0
-0.0, -0.04, -0.04, -1.48, 0
-0.0, -0.04, -0.04, -1.48, 0
-0.0, -0.04, -0.04, -1.48, 0
-0.0, -0.03, -0.04, -1.48, 0
-0.0, -0.03, -0.04, -1.48, 0
-0.0, -0.03, -0.04, -1.48, 0
-0.0, -0.03, -0.04, -1.48, 0
-0.0, -0.03, -0.04, -1.48, 0
-0.0, -0.03, -0.04, -1.48, 0
-0.0, -0.03, -0.04, -1.48, 0
-0.0, -0.03, -0.04, -1.48, 0
-0.0, -0.02, -0.04, -1.48, 0
-0.0, -0.02, -0.04, -1.48, 0
-0.0, -0.02, -0.04, -1.48, 0
-0.0, -0.02, -0.04, -1.48, 0
-0.0, -0.02, -0.04, -1.48, 0
-0.0, -0.02, -0.04, -1.48, 0
-0.0, -0.02, -0.04, -1.48, 0
-0.0, -0.02, -0.04, -1.48, 0
-0.0, -0.01, -0.04, -1.48, 0
-0.0, -0.01, -0.04, -1.48, 0
-0.0, -0.01, -0.04, -1.48, 0
-0.0, -0.01, -0.04, -1.48, 0
-0.0, -0.01, -0.04, -1.48, 0
-0.0, -0.01, -0.04, -1.48, 0
-0.0, -0.01, -0.04, -1.48, 0
-0.0, -0.01, -0.04, -1.48, 0
-0.0, -0.0, -0.04, -1.48, 0
-0.0, -0.0, -0.04, -1.48, 0
-0.0, -0.0, -0.04, -1.48, 0
-0.0, -0.0, -0.04, -1.48, 0
-0.0, -0.0, -0.04, -1.44, 0
-0.0, -0.0, -0.03, -1.4, 0
-0.0, -0.0, -0.03, -1.36, 0
-0.0, -0.0, -0.03, -1.31, 0
-0.0, -0.0, -0.02, -1.27, 0
-0.0, -0.0, -0.02, -1.22, 0
-0.0, -0.0, -0.02, -1.17, 0
-0.0, -0.0, -0.01, -1.11, 0
-0.0, -0.0, -0.01, -1.06, 0
-0.0, -0.0, -0.01, -1.01, 0
-0.0, -0.0, -0.01, -0.96, 1
-0.06, 0.68, -4.24, -46.99, 1
-0.13, 0.7, -4.43, -66.93, 1
-0.19, 0.38, -2.54, -65.65, 1
-0.21, 0.08, -0.85, -58.69, 1
-0.21, -0.05, -0.18, -54.91, 1
-0.22, -0.1, -0.06, -54.2, 0
-0.16, -0.85, 4.25, -7.56, 0
-0.08, -0.94, 4.63, 14.49, 1
0.04, -1.43, 7.6, 66.02, 1
0.14, -1.13, 5.7, 77.91, 1
0.2, -0.6, 2.55, 68.79, 1
0.22, -0.25, 0.53, 58.34, 1
0.22, -0.08, -0.27, 52.32, 0
0.16, 0.64, -4.41, 6.1, 0
0.08, 0.71, -4.66, -15.19, 0
0.02, 0.42, -2.73, -14.42, 0
-0.0, 0.14, -0.92, -6.99, 0
-0.01, -0.0, -0.02, -1.4, 0
-0.0, -0.0, -0.02, -1.37, 0
-0.0, -0.0, -0.02, -1.34, 0
-0.0, -0.0, -0.02, -1.3, 0
-0.0, -0.0, -0.02, -1.25, 0
-0.0, -0.0, -0.02, -1.2, 0
-0.0, -0.0, -0.02, -1.15, 0
-0.0, -0.0, -0.01, -1.1, 0
-0.0, -0.0, -0.01, -1.05, 0
-0.0, -0.0, -0.01, -1.0, 0
-0.0, -0.0, -0.01, -0.94, 0
-0.0, -0.0, -0.0, -0.89, 0
-0.0, -0.0, -0.0, -0.83, 0
-0.0, -0.0, -0.0, -0.8, 0
-0.0, -0.0, -0.0, -0.76, 0
-0.0, -0.0, -0.0, -0.74, 0
-0.0, -0.0, -0.0, -0.71, 0
-0.0, -0.0, 0.0, -0.68, 0
-0.0, -0.0, 0.0, -0.66, 0
-0.0, -0.0, 0.0, -0.64, 0
-0.0, -0.0, 0.0, -0.62, 0
-0.0, -0.0, -0.0, -0.6, 0
-0.0, -0.0, 0.0, -0.59, 0
-0.0, -0.0, 0.0, -0.57, 0
-0.0, -0.0, -0.0, -0.56, 0
-0.0, -0.0, 0.0, -0.54, 0
-0.0, -0.0, -0.0, -0.53, 0
-0.0, -0.0, -0.0, -0.51, 0
-0.0, -0.0, 0.0, -0.5, 0
-0.0, -0.0, 0.0, -0.49, 0
-0.0, -0.0, 0.0, -0.48, 0
-0.0, -0.0, -0.0, -0.47, 0
-0.0, -0.0, 0.0, -0.46, 0
-0.0, -0.0, 0.0, -0.46, 0
-0.0, -0.0, 0.0, -0.45, 0
-0.0, -0.0, 0.0, -0.44, 0
-0.0, -0.0, 0.0, -0.43, 0
-0.0, -0.0, 0.0, -0.42, 0
-0.0, -0.0, 0.0, -0.42, 0
-0.0, -0.0, 0.0, -0.41, 0
-0.0, -0.0, 0.0, -0.4, 0
-0.0, -0.0, 0.0, -0.39, 0
-0.0, -0.0, 0.0, -0.39, 0
-0.0, -0.0, 0.0, -0.38, 0
-0.0, -0.0, 0.0, -0.37, 0
-0.0, -0.0, 0.0, -0.37, 0
-0.0, -0.0, 0.0, -0.36, 0
-0.0, -0.0, 0.0, -0.36, 0
-0.0, -0.0, 0.0, -0.35, 0
-0.0, -0.0, 0.0, -0.35, 0
-0.0, -0.0, 0.0, -0.34, 0
-0.0, -0.0, 0.0, -0.34, 0
-0.0, -0.0, 0.0, -0.34, 0
-0.0, -0.0, 0.0, -0.33, 0
-0.0, -0.0, 0.0, -0.33, 0
-0.0, -0.0, 0.0, -0.32, 0
-0.0, -0.0, -0.0, -0.32, 1
-0.06, 0.69, -4.29, -46.9, 1
-0.13, 0.71, -4.49, -67.11, 1
-0.19, 0.39, -2.57, -65.83, 1
-0.21, 0.09, -0.86, -58.78, 0
-0.16, -0.72, 3.84, -11.17, 0
-0.09, -0.87, 4.55, 12.67, 0
-0.03, -0.62, 2.9, 14.4, 0
-0.0, -0.34, 1.09, 7.66, 0
0.0, -0.19, 0.07, 1.68, 0
0.0, -0.13, -0.22, -0.97, 0
-0.0, -0.13, -0.24, -1.97, 0
-0.0, -0.13, -0.17, -2.03, 0
-0.0, -0.14, -0.09, -1.74, 0
-0.0, -0.14, -0.05, -1.5, 0
-0.0, -0.14, -0.04, -1.48, 0
-0.0, -0.14, -0.04, -1.49, 0
-0.0, -0.14, -0.04, -1.49, 0
-0.0, -0.14, -0.04, -1.49, 0
-0.0, -0.14, -0.04, -1.49, 0
-0.0, -0.14, -0.04, -1.48, 0
-0.0, -0.14, -0.04, -1.48, 0
-0.0, -0.13, -0.04, -1.48, 0
-0.0, -0.13, -0.04, -1.48, 0
-0.0, -0.13, -0.04, -1.48, 0
-0.0, -0.13, -0.04, -1.48, 0
-0.0, -0.13, -0.04, -1.48, 0
-0.0, -0.13, -0.04, -1.48, 0
-0.0, -0.13, -0.04, -1.48, 0
-0.0, -0.13, -0.04, -1.48, 0
-0.0, -0.12, -0.04, -1.48, 0
-0.0, -0.12, -0.04, -1.48, 0
-0.0, -0.12, -0.04, -1.48, 0
-0.0, -0.12, -0.04, -1.48, 0
-0.0, -0.12, -0.04, -1.48, 0
-0.0, -0.12, -0.04, -1.48, 0
-0.0, -0.12, -0.04, -1.48, 0
-0.0, -0.12, -0.04, -1.48, 0
-0.0, -0.11, -0.04, -1.48, 0
-0.0, -0.11, -0.04, -1.48, 0
-0.0, -0.11, -0.04, -1.48, 0
-0.0, -0.11, -0.04, -1.48, 0
-0.0, -0.11, -0.04, -1.48, 0
-0.0, -0.11, -0.04, -1.48, 0
-0.0, -0.11, -0.04, -1.48, 0
-0.0, -0.11, -0.04, -1.48, 0
-0.0, -0.1, -0.04, -1.48, 0
-0.0, -0.1, -0.04, -1.48, 0
-0.0, -0.1, -0.04, -1.48, 0
-0.0, -0.1, -0.04, -1.48, 0
-0.0, -0.1, -0.04, -1.48, 0
-0.0, -0.1, -0.04, -1.48, 0
-0.0, -0.1, -0.04, -1.48, 0
-0.0, -0.1, -0.04, -1.48, 0
-0.0, -0.09, -0.04, -1.48, 0
-0.0, -0.09, -0.04, -1.48, 0
-0.0, -0.09, -0.04, -1.48, 0
-0.0, -0.09, -0.04, -1.48, 1
0.05, -0.81, 4.4, 46.56, 1
0.13, -0.84, 4.63, 67.54, 1
0.19, -0.5, 2.66, 66.29, 1
0.21, -0.19, 0.89, 59.05, 0
0.16, 0.62, -3.83, 11.34, 0
0.09, 0.77, -4.55, -12.61, 0
0.03, 0.52, -2.91, -14.42, 0
0.0, 0.25, -1.1, -7.69, 0
-0.0, 0.09, -0.08, -1.7, 0
-0.0, 0.04, 0.22, 0.96, 0
0.0, 0.03, 0.24, 1.96, 0
0.0, 0.03, 0.17, 2.03, 0
0.0, 0.04, 0.09, 1.74, 0
0.0, 0.04, 0.05, 1.5, 0
0.0, 0.04, 0.04, 1.48, 0
0.0, 0.04, 0.04, 1.49, 0
0.0, 0.04, 0.04, 1.49, 0
0.0, 0.04, 0.04, 1.49, 0
0.0, 0.04, 0.04, 1.49, 0
0.0, 0.04, 0.04, 1.48, 0
0.0, 0.04, 0.04, 1.48, 0
0.0, 0.03, 0.04, 1.48, 0
0.0, 0.03, 0.04, 1.48, 0
0.0, 0.03, 0.04, 1.48, 0
0.0, 0.03, 0.04, 1.48, 0
0.0, 0.03, 0.04, 1.48, 0
0.0, 0.03, 0.04, 1.48, 0
0.0, 0.03, 0.04, 1.48, 0
0.0, 0.03, 0.04, 1.48, 0
0.0, 0.02, 0.04, 1.48, 0
0.0, 0.02, 0.04, 1.48, 0
0.0, 0.02, 0.04, 1.48, 0
0.0, 0.02, 0.04, 1.48, 0
0.0, 0.02, 0.04, 1.48, 0
0.0, 0.02, 0.04, 1.48, 0
0.0, 0.02, 0.04, 1.48, 0
0.0, 0.02, 0.04, 1.48, 0
0.0, 0.02, 0.04, 1.48, 0
0.0, 0.01, 0.04, 1.48, 0
0.0, 0.01, 0.04, 1.48, 0
0.0, 0.01, 0.04, 1.48, 0
0.0, 0.01, 0.04, 1.48, 0
0.0, 0.01, 0.04, 1.48, 0
0.0, 0.01, 0.04, 1.48, 0
0.0, 0.01, 0.04, 1.48, 0
0.0, 0.01, 0.04, 1.48, 0
0.0, 0.0, 0.04, 1.48, 0
0.0, 0.0, 0.04, 1.48, 0
0.0, 0.0, 0.04, 1.48, 0
0.0, 0.0, 0.04, 1.48, 0
0.0, 0.0, 0.03, 1.43, 0
0.0, 0.0, 0.03, 1.39, 0
0.0, 0.0, 0.03, 1.35, 0
0.0, 0.0, 0.03, 1.31, 0
0.0, 0.0, 0.02, 1.26, 0
0.0, 0.0, 0.02, 1.21, 0
0.0, 0.0, 0.02, 1.16, 0
0.0, 0.0, 0.01, 1.11, 0
0.0, 0.0, 0.01, 1.06, 0
0.0, 0.0, 0.01, 1.0, 0
0.0, 0.0, 0.01, 0.95, 0
0.0, 0.0, 0.0, 0.89, 0
0.0, 0.0, 0.0, 0.84, 0
0.0, 0.0, 0.0, 0.8, 0
0.0, 0.0, 0.0, 0.77, 0
0.0, 0.0, 0.0, 0.74, 0
0.0, 0.0, 0.0, 0.71, 0
0.0, 0.0, -0.0, 0.69, 0
0.0, 0.0, -0.0, 0.66, 0
0.0, 0.0, -0.0, 0.64, 0
0.0, 0.0, 0.0, 0.62, 0
0.0, 0.0, -0.0, 0.61, 0
0.0, 0.0, -0.0, 0.59, 0
0.0, 0.0, 0.0, 0.58, 0
0.0, 0.0, -0.0, 0.56, 0
0.0, 0.0, -0.0, 0.54, 0
0.0, 0.0, -0.0, 0.53, 0
0.0, 0.0, -0.0, 0.52, 0
0.0, 0.0, -0.0, 0.5, 0
0.0, 0.0, 0.0, 0.49, 0
0.0, 0.0, -0.0, 0.48, 0
0.0, 0.0, -0.0, 0.47, 0
0.0, 0.0, -0.0, 0.46, 0
0.0, 0.0, -0.0, 0.46, 0
0.0, 0.0, -0.0, 0.45, 0
0.0, 0.0, -0.0, 0.44, 0
0.0, 0.0, -0.0, 0.43, 0
0.0, 0.0, -0.0, 0.43, 0
0.0, 0.0, -0.0, 0.42, 0
0.0, 0.0, -0.0, 0.41, 0
0.0, 0.0, -0.0, 0.4, 0
0.0, 0.0, -0.0, 0.39, 0
0.0, 0.0, -0.0, 0.39, 0
0.0, 0.0, -0.0, 0.38, 0
0.0, 0.0, -0.0, 0.37, 0
0.0, 0.0, -0.0, 0.37, 0
0.0, 0.0, -0.0, 0.36, 0
0.0, 0.0, -0.0, 0.36, 0
0.0, 0.0, -0.0, 0.35, 0
0.0, 0.0, -0.0, 0.35, 0
0.0, 0.0, -0.0, 0.34, 0
0.0, 0.0, -0.0, 0.34, 0
0.0, 0.0, -0.0, 0.34, 0
0.0, 0.0, -0.0, 0.33, 0
0.0, 0.0, -0.0, 0.33, 0
0.0, 0.0, -0.0, 0.33, 0
0.0, 0.0, -0.0, 0.32, 0
0.0, 0.0, 0.0, 0.32, 0
0.0, 0.0, -0.0, 0.32, 0
0.0, 0.0, -0.0, 0.31, 0
0.0, 0.0, -0.0, 0.31, 0
0.0, 0.0, 0.0, 0.31, 0
0.0, 0.0, -0.0, 0.3, 0
0.0, 0.0, -0.0, 0.3, 0
0.0, 0.0, -0.0, 0.3, 0
0.0, 0.0, -0.0, 0.3, 0
0.0, 0.0, -0.0, 0.29, 0
0.0, 0.0, -0.0, 0.29, 0
0.0, 0.0, -0.0, 0.29, 0
0.0, 0.0, -0.0, 0.29, 0
0.0, 0.0, -0.0, 0.28, 0
0.0, 0.0, -0.0, 0.28, 0
0.0, 0.0, -0.0, 0.28, 0
0.0, 0.0, -0.0, 0.28, 0
0.0, 0.0, -0.0, 0.27, 0
0.0, 0.0, -0.0, 0.27, 0
0.0, 0.0, -0.0, 0.27, 0
0.0, 0.0, -0.0, 0.27, 0
0.0, 0.0, -0.0, 0.26, 0
0.0, 0.0, 0.0, 0.26, 0
0.0, 0.0, -0.0, 0.26, 0
0.0, 0.0, -0.0, 0.26, 0
0.0, 0.0, -0.0, 0.25, 0
0.0, 0.0, -0.0, 0.25, 0
0.0, 0.0, -0.0, 0.25, 0
0.0, 0.0, -0.0, 0.25, 0
0.0, 0.0, -0.0, 0.24, 0
